181.35
177.48
182.11
115.94
174.32
131.41
159.18
196.78
118.94
119.67
184.64
180.48
110.18
191.86
119.39
107.88
125.06
160.87
143.38
196.29
158.14
194.23
183.62
194.27
152.03
189.99
120.02
192.75
170.94
120.44
148.37
186.99
116.42
119.12
119.68
127.72
138.02
106.87
168.53
121.91
149.24
101.51
188.81
143.62
118.98
132.07
114.82
193.64
172.23
183.58
118.22
102.96
100.35
130.99
136.50
109.60
150.69
182.25
107.85
150.86
138.33
139.32
198.62
103.95
198.22
103.44
174.97
176.57
175.57
196.40
187.88
196.13
133.74
142.79
112.46
171.47
144.86
160.30
106.20
103.83
116.24
134.62
128.76
105.71
197.48
113.45
196.19
145.12
107.57
140.25
126.13
170.79
119.27
162.50
167.66
189.48
138.72
191.45
198.95
160.23
122.29
160.80
119.35
142.60
180.00
130.31
158.59
185.87
124.77
107.01
174.87
174.55
140.40
111.33
116.55
151.70
157.54
198.55
177.15
126.25
146.65
156.94
182.51
132.87
159.58
143.09
110.52
153.93
177.34
182.24
158.90
131.75
150.70
156.86
144.48
196.29
152.33
130.20
138.68
108.69
194.23
103.21
118.31
174.23
103.17
183.15
137.90
109.44
187.57
149.84
110.81
157.92
174.60
141.76
119.72
136.68
143.55
148.41
164.04
160.80
132.65
187.31
191.63
137.83
150.42
164.87
155.53
145.53
179.79
168.47
182.25
106.49
123.45
114.11
137.77
151.47
102.41
178.47
129.65
119.66
185.93
177.40
189.39
178.48
101.09
113.70
137.64
158.13
142.52
106.24
146.99
186.93
179.04
129.89
181.69
182.20
132.87
140.99
111.89
198.50
189.05
136.62
171.25
160.09
178.30
197.85
150.82
107.71
164.44
196.42
199.90
171.21
159.55
102.84
134.77
138.80
184.26
119.38
140.18
131.64
188.40
176.01
185.16
107.83
148.35
169.25
164.62
114.04
161.08
194.70
121.40
174.74
162.33
122.15
199.57
159.26
106.36
189.18
128.97
195.06
158.26
143.74
143.66
101.92
166.27
149.17
192.31
106.21
101.12
176.08
107.33
157.22
172.23
144.94
161.45
107.88
156.53
150.02
155.13
141.31
104.49
191.31
146.66
121.62
120.26
164.15
157.52
122.31
147.98
108.12
160.29
139.01
134.72
196.53
183.68
124.48
182.09
155.79
149.73
193.52
142.93
139.87
192.09
132.65
167.65
149.31
190.96
115.61
155.32
176.49
100.38
169.16
118.73
179.31
136.45
155.89
129.85
133.90
141.28
140.74
172.28
193.72
136.95
186.17
190.63
187.12
136.07
177.35
193.44
118.43
180.94
113.04
135.65
198.60
142.44
110.55
179.53
120.57
121.11
163.93
108.92
111.95
158.16
163.30
150.40
142.87
182.03
130.17
137.37
140.38
187.39
148.84
138.21
162.68
167.90
177.07
157.95
115.85
101.09
100.59
114.53
154.07
114.86
155.57
185.34
190.03
148.33
180.56
117.43
156.60
156.74
175.42
195.61
103.02
100.12
138.38
166.84
179.26
198.47
124.45
126.26
160.87
132.22
118.38
180.60
193.07
116.37
143.89
117.96
187.89
178.84
136.78
129.55
190.87
129.34
194.40
148.55
144.85
113.68
176.44
194.17
117.86
110.17
172.54
134.44
128.90
140.00
171.36
110.94
101.30
131.06
162.56
100.03
196.50
196.43
178.15
121.14
133.03
162.55
133.21
140.41
175.10
110.01
156.85
160.02
183.16
169.94
114.31
127.76
154.79
153.26
108.21
149.34
148.59
176.34
112.91
136.89
175.77
186.85
139.90
180.92
164.80
186.62
153.74
190.22
152.85
194.45
158.68
104.46
134.47
191.16
153.76
147.66
102.79
141.57
111.03
157.07
151.34
193.79
165.61
191.75
165.64
114.78
119.28
197.86
123.01
132.88
149.59
183.51
136.04
123.25
185.73
135.11
120.99
189.83
159.10
189.24
145.47
168.97
161.79
159.15
111.72
104.02
149.21
103.86
161.56
117.51
104.67
118.67
146.84
138.48
143.10
121.06
195.37
125.77
168.58
103.51
116.50
165.22
116.27
125.59
132.70
108.54
103.05
121.74
193.98
164.60
183.14
108.32
130.47
150.39
155.29
183.82
125.25
157.69
195.85
129.14
144.12
194.58
199.13
131.98
142.05
115.86
190.08
178.35
177.14
165.60
137.66
177.47
101.82
116.69
137.57
111.86
168.65
107.03
151.87
133.69
183.18
140.45
190.24
160.44
160.10
141.28
192.53
158.08
190.39
126.04
125.44
138.69
107.10
182.97
137.69
140.60
145.28
130.89
127.38
103.86
127.40
162.45
162.88
101.82
170.24
163.61
164.29
140.06
100.95
141.25
196.43
188.35
190.76
183.78
146.17
168.18
163.28
125.90
157.12
178.63
110.94
187.86
172.88
107.01
157.88
112.07
196.39
136.87
140.66
125.54
107.36
135.78
138.95
115.27
192.47
178.12
177.81
115.39
133.64
133.69
140.24
170.12
168.56
132.34
174.09
154.28
184.60
196.69
151.21
104.64
132.48
120.28
137.95
139.46
149.02
157.01
166.38
121.17
159.93
179.14
153.15
147.57
192.88
155.68
199.01
140.73
168.70
100.93
116.48
139.62
154.53
143.63
174.94
192.24
156.04
171.32
123.17
186.27
198.60
111.57
147.89
153.48
196.51
121.96
153.35
132.26
138.37
174.18
101.91
175.21
122.55
134.07
138.40
144.41
161.33
158.90
132.27
145.25
135.02
156.32
110.35
112.20
117.78
174.79
120.67
174.06
116.03
124.76
163.07
195.02
157.15
161.77
145.72
108.50
141.21
197.78
178.68
135.37
121.90
145.78
194.93
105.47
113.88
143.91
197.77
182.02
133.65
150.00
169.00
121.95
168.14
145.45
136.81
192.38
131.42
137.79
194.50
103.12
113.38
105.76
181.38
108.12
146.62
187.54
186.08
175.32
117.32
173.07
108.76
123.23
124.75
124.97
123.96
175.31
149.87
118.78
118.22
188.71
128.30
163.14
138.04
172.57
135.21
133.08
172.77
122.92
180.91
125.62
114.29
166.28
184.09
125.79
180.68
121.82
137.31
153.29
164.83
163.60
103.91
145.40
170.38
188.18
189.01
119.97
127.30
170.89
108.63
153.97
137.25
124.01
140.27
107.47
184.93
154.53
175.91
121.08
165.84
155.15
114.40
115.30
123.01
152.93
123.60
124.52
155.91
182.38
174.93
105.55
162.95
146.47
103.06
170.61
106.00
178.07
171.47
108.25
139.90
116.89
131.32
172.20
132.88
172.50
145.11
137.60
114.98
152.83
109.61
147.03
130.51
199.07
153.02
194.51
138.05
183.23
100.25
124.55
196.87
192.43
197.11
155.84
102.06
145.07
159.45
173.86
182.45
158.84
166.38
175.65
155.16
117.24
148.02
190.93
138.57
162.68
127.90
148.95
161.29
177.08
167.46
107.70
169.35
198.45
126.07
113.30
125.52
161.32
193.60
111.26
115.65
142.28
174.89
188.59
125.02
137.96
105.02
185.68
124.59
102.11
153.17
180.56
111.76
120.84
128.63
114.63
183.13
110.78
137.29
198.21
177.84
183.42
149.59
107.60
119.21
130.95
131.31
160.71
199.61
153.53
157.85
137.55
199.06
166.31
179.25
194.09
101.47
195.62
128.57
102.94
174.05
197.84
169.26
143.10
105.46
112.28
158.73
152.08
155.72
189.65
164.47
148.70
157.56
121.54
107.14
132.52
122.40
133.20
120.23
166.45
146.86
191.62
110.18
153.63
186.08
124.30
172.60
126.32
158.39
139.91
170.40
174.98
172.88
191.85
107.76
159.25
125.91
127.56
140.46
158.63
195.75
122.58
147.19
140.83
175.41
106.60
149.48
148.06
122.88
150.87
108.28
127.56
175.51
101.03
144.17
161.83
170.29
107.76
125.29
185.94
135.71
128.57
141.96
114.57
172.24
148.45
140.27
140.00
118.51
194.81
118.42
103.51
107.85
102.17
198.76
187.48
156.40
116.27
176.28
123.18
187.46
113.81
110.12
160.05
189.78
154.02
168.15
196.35
127.33
171.33
157.10
128.15
166.82
164.66
170.43
133.97
166.14
138.06
164.58
175.57
171.16
100.04
130.53
162.11
101.78
134.15
162.06
194.40
168.70
112.63
134.66
178.71
151.98
136.15
199.88
175.60
189.25
148.00
168.58
128.07
167.32
189.06
103.75
195.63
184.18
131.05
168.41
105.97
150.06
149.78
177.47
124.49
126.15
177.81
183.89
133.25
157.38
106.24
188.54
105.66
141.71
189.21
101.33
160.91
192.53
141.36
196.43
183.18
193.09
108.65
198.45
194.35
112.33
135.81
108.42
